-3.875412321286058159e+03
-5.450145333301107712e+03
-7.877347615304825922e+03
-4.389693083058111256e+02
-2.512612983566747516e+03
-8.202243118656419028e+03
-8.630622828224473778e+03
-1.343741980964464710e+04
-1.135454237133633796e+04
-1.014110640816103114e+04
-8.900369546171288675e+03
-1.052001018507763365e+04
-1.111195327346456907e+04
-1.110374428666234780e+04
-1.099962674498678825e+04
-1.393753694906046258e+04
-1.034331096060720120e+04
-1.151780822650806476e+04
-1.492898750718767405e+04
-1.343128528021195962e+04
-1.002954099616844542e+04
-1.057704927691964440e+04
-1.330052308041092147e+04
-6.369091177234455245e+03
-3.188240008231129536e+02
-2.222195498717135536e+02
-1.217852367619545362e+02
-1.071834180373224399e+03
-1.967251620682713792e+03
-3.047990034816027674e+02
-2.739276526975116894e+02
-9.015776970462833560e+03
-1.513028829133875843e+04
-1.458418169980531638e+04
-9.385312080987509034e+03
-1.203152153170341444e+04
-9.836620474070365162e+03
-1.217941878805263332e+04
-8.703479956107725229e+03
-2.380728369564174864e+04
-1.045002745059724111e+04
-1.008692999213767325e+04
-1.189815413994949267e+04
-1.301607694185835680e+04
-9.941007352303393418e+03
-9.315371340992678597e+03
-1.009945373149964325e+04
-1.070060726687165516e+04
-1.322433373907248279e+04
-2.797695280386465311e+04
-8.534311184990499896e+03
-7.156845819917261906e+03
-8.679311369624738290e+03
-1.078577843243042116e+04
-8.117811691998976130e+03
-1.371413569052217645e+04
-1.117787763331900169e+04
-1.274731071573393820e+04
-1.019944837420333715e+04
-4.282092736894834525e+04
-1.192301645051505329e+04
-8.786711950161861751e+03
-1.079763323088520156e+04
-1.388920359724538685e+04
-1.195382340720727370e+04
-1.076218768738597828e+04
-1.368929384557944104e+04
-1.173736528409674065e+04
-8.533288784652639151e+03
-4.980456032698201307e+04
-1.261891393283391699e+04
-1.169853488172260222e+04
-1.061272143894481087e+04
-1.071716586595922854e+04
-1.298470672297882993e+04
-9.742553889718143182e+03
-1.143749958443303149e+04
-1.005085884274094678e+04
-1.047801180961314640e+04
-5.088370388577319682e+04
-1.017802640681228513e+04
-9.066118891097808955e+03
-1.151367841269518067e+04
-1.238497920919030912e+04
-1.032676794784300728e+04
-1.216801005023809012e+04
-1.444630479481547081e+04
-1.326610467299465927e+04
-1.141868757373219341e+04
-7.259055804476499907e+04
-9.325769181885551006e+03
-1.360142166660430485e+04
-1.061109591056764475e+04
-1.256603578525537341e+04
-9.954863877671841692e+03
-1.080412375219215937e+04
-1.305112097730878486e+04
-1.138083671041595699e+04
-9.836692777224790916e+03
-8.027117646551657526e+04
-1.035913567429224713e+04
-1.070314975224431146e+04
-1.391526901977046873e+04
-9.573677373213384271e+03
-1.154782370872102001e+04
-1.280484943191944330e+04
-1.189944955833061977e+04
-9.923355660292621906e+03
-1.226270337657715390e+04
-1.228608430541654343e+04
-1.286085744166917902e+04
-1.049367486556070253e+04
-1.286467477036681885e+04
-1.191276710741345596e+04
-1.105263653715191322e+04
-1.148158392561725850e+04
-1.178556421911563120e+04
-1.019473897295620191e+04
-1.276947902577600689e+04
-9.934396629817723806e+03
-1.125893633097249221e+04
-1.123438994126657599e+04
-1.243407490251169293e+04
-8.663829208450972146e+03
-1.303240850911312009e+04
-1.008294501380012662e+04
-1.012262230102928879e+04
-1.224037809672544608e+04
-1.699523685061775541e+04
-9.758716991101531676e+03
-1.395786777314291794e+04
-1.114119676780006012e+04
-9.588151715012125351e+03
-1.136898320706821505e+04
-1.304351499602570038e+04
-1.159932646293986181e+04
-1.155566658218591692e+04
-1.493481018747210146e+04
-1.901561100704234923e+04
-1.205105750283601265e+04
-1.210849766484040629e+04
-1.115710184197688432e+04
-1.115444338035112014e+04
-1.321959759243757435e+04
-1.085328758363143970e+04
-1.100000517671555644e+04
-1.067254478129531526e+04
-1.379479004775965041e+04
-2.944630687227694580e+04
-1.092656402613110185e+04
-1.041786419323721202e+04
-1.144771874962337097e+04
-1.175669886569030132e+04
-1.217573875033502554e+04
-9.769064061436391057e+03
-1.119818683483327732e+04
-1.008849407611142124e+04
-1.044903328893798971e+04
-3.527341772498565842e+04
-9.299474944836059876e+03
-1.076133462068353765e+04
-1.225357927543856749e+04
-9.916234130339635158e+03
-1.104187502897660488e+04
-1.348518307082131287e+04
-1.234206307735232076e+04
-1.067597527983292093e+04
-1.060484387889753634e+04
-4.531968910960609355e+04
-1.213832605792718277e+04
-9.796831644667681758e+03
-1.066124812204751288e+04
-1.148238732610633815e+04
-1.350379061956024816e+04
-1.242657977310798196e+04
-8.620290836693000529e+03
-1.135547328567506338e+04
-1.388459271782499491e+04
-5.437447331766839488e+04
-9.195539689754010396e+03
-9.365907307053728800e+03
-1.249606222545683340e+04
-9.379019317963417052e+03
-1.128726632791078009e+04
-1.061327251394708765e+04
-1.248711107338685724e+04
-9.377922887834109133e+03
-9.255503194379376509e+03
-7.098028128672426101e+04
-1.221998277460141071e+04
-1.004388855633080311e+04
-1.036157294358920626e+04
-1.195715200107876808e+04
-1.225151368023579016e+04
-1.011272396833380117e+04
-9.558895756080204592e+03
-1.254362756972642092e+04
-8.926283825223188614e+03
-7.735249513027378998e+04
-1.061935938788335989e+04
-8.650226553051405062e+03
-9.620432072822553891e+03
-9.521579432347669353e+03
-1.013803101778305791e+04
-1.107695902866977849e+04
-9.686608459965522343e+03
-1.060012190523292884e+04
-9.479241462447524100e+03
-1.327906060581713609e+04
-9.411528987752564717e+03
-9.960727095393043783e+03
-1.295496087786228236e+04
-9.139779445570056851e+03
-1.125525633576023756e+04
-1.185618409549283933e+04
-1.159912503493337863e+04
-1.040779884472587946e+04
-1.378848493500585937e+04
-1.302981183096744644e+04
-1.274222548961240864e+04
-1.079265706964636593e+04
-1.085422292544623815e+04
-9.170237631913114456e+03
-1.107097228845917925e+04
-9.117831359640134906e+03
-1.328935204948743376e+04
-8.833766600900969934e+03
-1.536902431117236665e+04
-1.065808310367317245e+04
-1.369358264492357375e+04
-1.011279281061571783e+04
-1.059373312664159675e+04
-1.075005423277872433e+04
-1.230990834486890526e+04
-1.119839086050979495e+04
-1.259880322597822305e+04
-1.151106412882775112e+04
-2.083403029075752420e+04
-9.722146996028357535e+03
-1.379893095288991208e+04
-8.884367441109663559e+03
-8.539904408284599413e+03
-1.473698673149184469e+04
-1.109766503291330628e+04
-1.023525150480467164e+04
-9.883627315163441381e+03
-1.072573620338056753e+04
-3.214705250516068918e+04
-9.982756141471996671e+03
-1.118691406536235627e+04
-1.230455672510543809e+04
-1.202590351098858446e+04
-1.098329138766425785e+04
-1.095549984614425193e+04
-1.294106352368906482e+04
-9.794960543842540574e+03
-1.310936514127744704e+04
-3.562793110005544440e+04
-1.119900726315973588e+04
-1.032423245748614499e+04
-1.349126796128761453e+04
-1.080992702600985649e+04
-1.267235526668738203e+04
-1.065580996869613227e+04
-1.325616885986323541e+04
-1.254360674064972045e+04
-1.136897216934945209e+04
-4.408483651784752146e+04
-9.145517898802654599e+03
-1.272587707516076807e+04
-8.342168998820416164e+03
-1.052836677364225761e+04
-1.260619650684735825e+04
-1.229481892941282786e+04
-1.005009423413121658e+04
-1.181582156684054644e+04
-1.213082548584772849e+04
-5.837856844841982092e+04
-1.007670908830824192e+04
-8.528288608261334957e+03
-1.001561945532064783e+04
-1.040888783835511822e+04
-1.130578352850455849e+04
-8.912567529400121202e+03
-8.892456447960012156e+03
-1.226057828105839144e+04
-1.156538551102530619e+04
-6.483685859278532007e+04
-1.139185399764822796e+04
-1.458049486987428281e+04
-1.149388249320615796e+04
-1.122041228065824180e+04
-1.015008151465724768e+04
-1.060154032898323931e+04
-1.048400677463874854e+04
-9.606213367400147035e+03
-1.017769010552327018e+04
-7.883738612044518231e+04
-9.981759986986129661e+03
-1.191513783219698234e+04
-1.097678214501500406e+04
-1.139575978179673439e+04
-1.324158337616674544e+04
-1.207403407291505755e+04
-1.160267305786357247e+04
-1.260827166205676258e+04
-1.193995393087462435e+04
-1.250904184513046494e+04
-1.019867211952027174e+04
-1.157628313714079923e+04
-1.093666780397357252e+04
-1.423569046913798593e+04
-1.126542392534880310e+04
-1.195800616688834270e+04
-1.052313117205642993e+04
-1.390525144616897524e+04
-1.104841137520552184e+04
-1.218674027137110716e+04
-1.178461195947921442e+04
-1.097525472337405699e+04
-8.267106399226877329e+03
-1.094056676440175215e+04
-1.454513907565313457e+04
-1.256481400080354797e+04
-1.266031187303228398e+04
-1.090687013509362987e+04
-1.630280971979415335e+04
-1.030103797312190000e+04
-1.266186211503127743e+04
-1.013651865084408746e+04
-1.304642254567237433e+04
-1.065246868314197309e+04
-9.738763809677935569e+03
-1.084731701766896003e+04
-1.202680777645252965e+04
-1.025954009893970033e+04
-2.069170616121011335e+04
-9.682509355606980535e+03
-8.771419360251471517e+03
-1.230762756178268683e+04
-1.068372355965932002e+04
-1.405180253181579974e+04
-1.037404057164625374e+04
-9.951054643575285809e+03
-9.961290223833562777e+03
-1.072719341214333144e+04
-2.631948506255038956e+04
-1.213732600017440564e+04
-8.942763418482127236e+03
-9.470502226385042377e+03
-1.305281174422667209e+04
-1.248005144079601268e+04
-1.149785094660200048e+04
-1.086782757590467918e+04
-1.102375698715417457e+04
-1.015669263095476344e+04
-3.376705695721773372e+04
-1.395494426023766391e+04
-1.277747179552876878e+04
-1.040370277686141890e+04
-9.908980327160457819e+03
-1.083325788600215128e+04
-9.799021140442657270e+03
-9.279875415374426666e+03
-1.311605628568361317e+04
-9.384779258187276355e+03
-4.008072985879868065e+04
-1.224628158988600990e+04
-1.228192064202318397e+04
-1.015755020753859571e+04
-1.317340892714877737e+04
-1.194811688713274270e+04
-1.105427274471520104e+04
-1.138142527275238353e+04
-1.238801057443586978e+04
-8.464112600049395041e+03
-5.364762167003869399e+04
-1.166685220435774499e+04
-1.046124083813505240e+04
-1.232350364208139217e+04
-1.065936500507314122e+04
-9.115773373448966595e+03
-1.094740646602910238e+04
-1.396340484293496229e+04
-9.925120703576954838e+03
-1.337756353730665251e+04
-6.529752274467404641e+04
-1.027670180343917855e+04
-9.167636190621924470e+03
-1.257709840691726458e+04
-1.107769434375765741e+04
-1.010068478015167784e+04
-1.197604093678301251e+04
-1.292723441686046135e+04
-1.053420710818417865e+04
-1.259742752223248681e+04
-7.294581717427819967e+04
-9.203450457684666617e+03
-1.144959580376319718e+04
-1.380948064925205654e+04
-1.057431996975207585e+04
-9.567742027063512069e+03
-1.086635985612684271e+04
-1.122629554147767703e+04
-9.805518953351964228e+03
-1.093593765693369824e+04
-9.556319735515246066e+03
-8.465835453668050832e+03
-1.251595548951711135e+04
-8.739332208902978891e+03
-1.100785642223544528e+04
-1.107616611692594415e+04
-1.049489694569069070e+04
-9.250351544324117640e+03
-1.048660229272680590e+04
-1.253485958770099933e+04
-1.272174599315797786e+04
-1.144146319840110300e+04
-1.204340270277282798e+04
-1.133763498958204764e+04
-9.236952896044518639e+03
-1.110622527739964789e+04
-1.409768497052606835e+04
-8.654490245634269741e+03
-1.049498431017890289e+04
-1.737435426113789072e+04
-1.144573128377874309e+04
-1.070723215200225604e+04
-1.377116315398141887e+04
-9.155113074100530866e+03
-1.220677130358451177e+04
-1.015946504099080266e+04
-8.851460368633979670e+03
-1.031773425093923834e+04
-9.927039552484870001e+03
-2.006524305987084517e+04
-1.079957849737696961e+04
-9.199316811509797844e+03
-1.173053912761043284e+04
-1.314305820773933374e+04
-1.211207529399059058e+04
-1.334390014311638879e+04
-1.099625350522122244e+04
-9.329996842106158510e+03
-1.307090811471226152e+04
-2.671219956108212500e+04
-9.327372657293593875e+03
-1.004813626298578856e+04
-8.421533535939121066e+03
-1.135427770919365503e+04
-1.279617598331625413e+04
-1.284371818117358089e+04
-1.117996210707460159e+04
-1.137024693336208657e+04
-1.308702083258309176e+04
-3.237233022523791078e+04
-9.527997801822097244e+03
-1.311907220811759544e+04
-1.357630915397639183e+04
-9.032076730426311769e+03
-1.030162906039173140e+04
-1.097281534233804996e+04
-9.591288221403248826e+03
-1.397856471827337009e+04
-1.008316991274974134e+04
-3.915731823393345258e+04
-1.129217689378183786e+04
-9.777319896422068268e+03
-9.571569152774694885e+03
-1.206874063699375256e+04
-1.284550282555579906e+04
-1.292042353686312345e+04
-1.211312520385991229e+04
-1.229539358110634203e+04
-1.086502937940320771e+04
-5.324183876820489968e+04
-1.045681841667540539e+04
-1.025938250571046410e+04
-1.190508059072272226e+04
-9.614517090085328164e+03
-1.368049558253992291e+04
-1.014798836101724919e+04
-1.078567487095226170e+04
-1.053216775395475815e+04
-1.069134757805916706e+04
-7.094988114238930575e+04
-1.173362146807600038e+04
-1.404992723432278945e+04
-9.023541682595210659e+03
-1.149897000543069953e+04
-1.390665835790216806e+04
-1.187037441222748203e+04
-1.285403204181285764e+04
-1.235232631410394970e+04
-1.268614256994237803e+04
-8.115855463817915006e+04
-1.413955119704850404e+04
-1.065426896178494644e+04
-9.249982724026778669e+03
-1.214299295068002175e+04
-1.003943772519028789e+04
-1.090391724511674693e+04
-1.173367383410473303e+04
-8.667244236729551631e+03
-1.243457419160473182e+04
-1.123892233183966164e+04
-8.895339220464620666e+03
-1.415049853929761775e+04
-1.331002875618530925e+04
-8.274353986304806313e+03
-1.138205723636353105e+04
-9.892691891526554173e+03
-9.960016361904892619e+03
-1.075322831593367300e+04
-1.222309229492337727e+04
-1.159351829519684907e+04
-1.142174019718370619e+04
-1.132819129401526880e+04
-1.332575904964891197e+04
-1.177311729396376359e+04
-8.726544994399719144e+03
-1.004416743466925072e+04
-1.403863693594486722e+04
-1.333390375151595435e+04
-1.598894960344792344e+04
-1.234804574351976044e+04
-1.019292029320453184e+04
-1.111768972278989168e+04
-1.106493244575790959e+04
-1.115910710628017114e+04
-1.175955174665124105e+04
-1.097533163668874113e+04
-1.165937680279361484e+04
-1.000297529753123126e+04
-1.921570387318809298e+04
-1.098536921204823921e+04
-1.145432074449864194e+04
-1.213588916202200744e+04
-1.007065702794227400e+04
-1.301474205995870579e+04
-1.086022556561911188e+04
-1.117814753696589833e+04
-9.933172407902942723e+03
-1.322705801970996981e+04
-2.894948279556266789e+04
-1.188486300943638889e+04
-1.056285046438418976e+04
-1.086043877810993035e+04
-1.328360620837371607e+04
-1.274306467323589095e+04
-1.136525175817162199e+04
-1.031896410294145426e+04
-1.015564448488179187e+04
-9.762695342515826269e+03
-3.426458658952165570e+04
-8.239365173193998999e+03
-1.168654045535189471e+04
-1.250880936007084347e+04
-9.243499973547484842e+03
-9.575584162843006197e+03
-1.314582156709662195e+04
-9.115676754403397354e+03
-1.135699960552528501e+04
-1.156331264165086759e+04
-4.269809621840213367e+04
-1.003711009703108175e+04
-1.238607214182183270e+04
-9.204462270179335974e+03
-1.401424650219231444e+04
-1.293106745019314258e+04
-1.022939991136512799e+04
-1.167825935090917301e+04
-9.846254584825814163e+03
-1.128142797550008436e+04
-5.474093240036528005e+04
-1.031465000672527276e+04
-9.980141977977958959e+03
-1.340235001715287217e+04
-1.325111288265537405e+04
-9.214051139052819053e+03
-1.119206760013849816e+04
-1.202398588695800390e+04
-1.057678854277415485e+04
-1.092264256926166490e+04
-6.479671314803617861e+04
-9.990177755348520805e+03
-9.643176992202021211e+03
-1.163254304906809739e+04
-1.038074711307505277e+04
-1.055030284609481532e+04
-1.294990993685617286e+04
-1.020800788791065861e+04
-1.126162961169409755e+04
-1.086859541521640131e+04
-8.737619149971967272e+04
-1.003971979420878779e+04
-1.230842649927710227e+04
-1.342892737970975759e+04
-1.043136439855071512e+04
-1.243737668692829538e+04
-1.149720142846657654e+04
-1.080206385295993823e+04
-1.024101631579689638e+04
-1.273221126379869747e+04
-8.359540419967479465e+03
-9.591837739069926101e+03
-8.967751008439940051e+03
-9.881130324439165634e+03
-1.104859357525404084e+04
-1.217291745750471819e+04
-1.212809588645588701e+04
-1.202055942370182129e+04
-8.253650539495856719e+03
-1.016012768357128516e+04
-1.115553488899104377e+04
-1.229433119470507881e+04
-1.053504890295989935e+04
-8.789160486697805027e+03
-1.322275400208618157e+04
-1.254491444770307135e+04
-1.008210255214238532e+04
-1.364342599055581377e+04
-1.421818608781874173e+04
-1.528070371121526296e+04
-1.077457479208026416e+04
-9.621286529785576931e+03
-9.314554248550301054e+03
-1.148699299760916256e+04
-1.188419312410470229e+04
-9.633059713315762565e+03
-1.034381549659116172e+04
-9.469784378351221676e+03
-9.491887650106182264e+03
-1.807587288683675069e+04
-9.519211651114779670e+03
-1.173566967197791382e+04
-1.150427160256152638e+04
-1.000949729426014164e+04
-1.033174327572174479e+04
-1.165381387099667882e+04
-1.191317435670118357e+04
-9.130952455093167373e+03
-1.115454378150303091e+04
-2.793670104633644951e+04
-1.097980729652278933e+04
-1.085409729409728970e+04
-8.592700790199089170e+03
-9.795453667810808838e+03
-1.174311102645388928e+04
-1.210031554770536604e+04
-1.150958650015258354e+04
-1.096085070604605426e+04
-1.298266048101231536e+04
-3.313652544793271954e+04
-1.323341102408231382e+04
-1.197822966382668346e+04
-1.303315023073147859e+04
-1.470124123022915410e+04
-1.437881248899041748e+04
-9.061158709530778651e+03
-1.135403428067282402e+04
-1.251205205905908952e+04
-1.101813739982455081e+04
-4.420983367439760332e+04
-1.371161110688871850e+04
-9.910358320795663531e+03
-1.112319733999233176e+04
-8.437302455040069617e+03
-1.214284478237053918e+04
-1.245009255761893837e+04
-9.107219487857975764e+03
-9.544930124647533376e+03
-1.040275210297430931e+04
-5.199421379927231465e+04
-1.069945756707895998e+04
-1.071350076646201342e+04
-9.510536677059493741e+03
-1.135302112683692394e+04
-1.243771917500488416e+04
-1.093266488979034511e+04
-1.228315654148805879e+04
-1.074132294261695461e+04
-1.191870720693254043e+04
-5.848549803034224169e+04
-8.352662405118277093e+03
-1.094681365864947293e+04
-1.141024829559322643e+04
-1.084920266241776699e+04
-1.328512875767789046e+04
-1.367086019251384823e+04
-9.622270760840699950e+03
-1.312958865342679201e+04
-1.167282255702208022e+04
-8.115164610842910770e+04
-1.373905859382106610e+04
-1.331030460500902336e+04
-9.642033961195278607e+03
-1.436992124737017912e+04
-1.000440572354295546e+04
-1.033544395651808736e+04
-1.014439272965566124e+04
-1.110596502943311134e+04
-9.680782839462592165e+03
-1.043509096527020483e+04
-9.919773937658535942e+03
-1.148159778834246754e+04
-1.246885710145878511e+04
-1.226612024106200988e+04
-8.911244825103849507e+03
-1.191878099916240535e+04
-1.134235300784106585e+04
-1.013058471466781702e+04
-1.193405878357730944e+04
-1.303963048961568165e+04
-1.185705074823263931e+04
-1.086755289359842754e+04
-1.144130582456304001e+04
-9.577649487359907653e+03
-1.389546384320410834e+04
-1.135585983588267118e+04
-1.241248888992411776e+04
-1.405267656387131683e+04
-1.442897223459439192e+04
-1.300121679850865075e+04
-1.266879882151099446e+04
-1.227673250246371572e+04
-1.158494944648903402e+04
-1.024943042188804793e+04
-1.014404989621878849e+04
-1.163481973038225806e+04
-9.334460445453700231e+03
-1.078012944340320610e+04
-1.968984367831162672e+04
-9.217080754429169247e+03
-1.218856597676718957e+04
-1.172740258751422516e+04
-9.941757012721020146e+03
-1.090792630822672800e+04
-1.263163262587988720e+04
-8.568973024133967556e+03
-1.043644202185903487e+04
-1.102332097185726343e+04
-2.365747762388574847e+04
-1.247110245001867588e+04
-1.157211396629365117e+04
-1.114748952831898532e+04
-1.048439400371765259e+04
-1.082961883576130640e+04
-1.302372143596321621e+04
-9.372667804891505511e+03
-1.294769614364713925e+04
-1.434591812151382510e+04
-3.127928972173775765e+04
-1.126032380584471866e+04
-1.024654605915900356e+04
-1.446626876734998223e+04
-1.075252547693680026e+04
-1.113940175323848962e+04
-1.279136299591348688e+04
-1.116497193855086516e+04
-9.891947973159707544e+03
-1.086568621834923943e+04
-4.018908315439422586e+04
-1.161406396684936954e+04
-1.061122357613233908e+04
-1.262247278992746396e+04
-1.046740698218870966e+04
-1.118372551713677058e+04
-8.866945707495808165e+03
-1.007153982704218834e+04
-1.358172829751291829e+04
-1.310575637071323035e+04
-5.075028961404920119e+04
-9.992162942303228192e+03
-1.323355987195865418e+04
-1.219388430058022277e+04
-1.158821007885533254e+04
-1.157320631983469139e+04
-9.355862016728677190e+03
-9.094913937710422033e+03
-1.058146913585150651e+04
-1.036821401276534380e+04
-6.300093703537661349e+04
-1.151687157138397561e+04
-9.580710357493828269e+03
-9.749463233354434124e+03
-1.194368998530053068e+04
-1.088520091492915344e+04
-9.832496027409184535e+03
-1.080509526723117779e+04
-1.270827260526448299e+04
-1.120420561590434409e+04
-7.079725882258053753e+04
-1.039501561149944246e+04
-9.810619329265517081e+03
-1.112746010223060875e+04
-1.197687520641541414e+04
-9.511837945083332670e+03
-1.211717604679965370e+04
-1.048031404407254558e+04
-1.291358097787809675e+04
-1.086299023706753178e+04
-1.217171424420814583e+04
-1.026437136816054408e+04
-1.152111109755052166e+04
-9.666368521055852398e+03
-1.383991264544923615e+04
-1.261488989488813240e+04
-1.182486646875839506e+04
-1.178135399294075978e+04
-1.064439181135426043e+04
-1.285824438202540841e+04
-1.241888845477514224e+04
-1.120834892896362362e+04
-1.150566824379335412e+04
-1.121784975873985604e+04
-1.116305405076894931e+04
-1.256475305068929811e+04
-1.041739848193972102e+04
-1.037197049607982080e+04
-1.340557937112345280e+04
-1.557814561677521488e+04
-1.097907645076709377e+04
-1.110829627103446728e+04
-9.663288978171007329e+03
-8.777202781233405403e+03
-9.292966578428487992e+03
-1.398515766464890839e+04
-1.215005021260063768e+04
-8.128932416335933340e+03
-1.272480739885077674e+04
-1.893516245780333702e+04
-1.195713957558330003e+04
-1.295301238112219835e+04
-1.283005050086016490e+04
-8.527313055142329176e+03
-9.931113906421334832e+03
-1.133901332047085634e+04
-1.028553575855132840e+04
-9.583571946707248571e+03
-1.078812571532892616e+04
-2.400209526525738329e+04
-9.567434470665750268e+03
-1.163914217603145335e+04
-1.178846983595452730e+04
-1.404275510514381494e+04
-1.250610388506703566e+04
-1.149620546217825176e+04
-1.374269299852953009e+04
-8.824141944327735473e+03
-1.117229752218074100e+04
-3.543840043080851319e+04
-8.952917025693806863e+03
-1.084658900486077982e+04
-1.097100453813408967e+04
-1.108913759901055528e+04
-1.414650746360552876e+04
-8.994266126112835991e+03
-1.239404593590632248e+04
-1.073780460171601953e+04
-1.197136189031517097e+04
-3.837863453400672006e+04
-9.393515237510773659e+03
-1.413636317332924591e+04
-1.175070291236548474e+04
-1.127204510459266930e+04
-1.124632590360820905e+04
-1.170645942692748758e+04
-1.287857549050353373e+04
-9.901606011861937077e+03
-1.125349589210014346e+04
-5.135696098957234790e+04
-9.491704870209090586e+03
-1.224544665926064954e+04
-8.243184555017302046e+03
-1.187998906762103434e+04
-8.760214222825339675e+03
-9.618908807188394348e+03
-9.757047913159960444e+03
-1.125062168942584503e+04
-1.256296651121677678e+04
-5.761402508179545839e+04
-8.263074225702324838e+03
-9.467440191174049687e+03
-1.285408018593641282e+04
-1.337538431880820644e+04
-1.345179616783485108e+04
-1.153289348024407082e+04
-1.041759502821115711e+04
-1.306348285804495208e+04
-1.112753016356135049e+04
-7.352199472064570000e+04
-1.107033004033528960e+04
-1.196256304157590239e+04
-1.146017215734767524e+04
-1.204464912657089735e+04
-8.222281135788198299e+03
-9.309589878107601180e+03
-1.351354206155539941e+04
-8.712946542653056895e+03
-1.241732921976201760e+04
-9.691218612135269723e+03
-8.275828249549658722e+03
-1.183564075631946434e+04
-1.131409006928223789e+04
-1.051429848095096168e+04
-9.831187865628820873e+03
-1.087073828359992149e+04
-1.062119086274752408e+04
-1.263497489152614799e+04
-1.277014698098848930e+04
-1.105804882253091455e+04
-1.084636318959482742e+04
-1.314864742617872434e+04
-9.511986268529410154e+03
-1.005077165374119613e+04
-1.400326341059003425e+04
-1.065026650539242655e+04
-1.154962964765397737e+04
-8.490552071099969908e+03
-1.469433257560478341e+04
-8.903038172819324245e+03
-1.272521459047189637e+04
-1.141127703583938091e+04
-1.190158102979167961e+04
-1.294806423425692265e+04
-9.521742194159618521e+03
-1.170635041699959038e+04
-9.510767819067805249e+03
-9.192784957935087732e+03
-1.935414898654839635e+04
-8.541399839206243996e+03
-1.187161749452532240e+04
-1.109847029575293345e+04
-1.100267565126442969e+04
-9.330359765776969653e+03
-1.143862119763503324e+04
-9.954076828884548377e+03
-1.039326583146983285e+04
-9.894029284442236531e+03
-2.259215368049462631e+04
-9.674944886990699160e+03
-1.222885037679566631e+04
-1.366683511122267009e+04
-9.271036225583709893e+03
-1.116656991848829239e+04
-9.930281331159829278e+03
-9.958194036958460856e+03
-9.963185519775788634e+03
-1.108541879587896437e+04
-3.122654803080161582e+04
-1.356413707938681000e+04
-1.218364460865643377e+04
-8.943646381221078627e+03
-9.571048338635619075e+03
-8.843702194460125611e+03
-9.166339468414837029e+03
-1.238068575704436444e+04
-1.162860568464858079e+04
-1.319417415590464952e+04
-4.071357295437114226e+04
-9.975950600843158099e+03
-1.370637079047508996e+04
-1.135549380101741917e+04
-1.330422133878512250e+04
-1.314120492080267832e+04
-1.061714811977388672e+04
-9.860234341762794429e+03
-8.626600189850289098e+03
-1.191916074094115174e+04
-4.971513008798679220e+04
-1.252271263615773751e+04
-1.416543343662329426e+04
-9.847581947313627097e+03
-1.136654891779625723e+04
-8.585413379789766623e+03
-9.388332550291204825e+03
-1.163560365679668575e+04
-1.084697410445917194e+04
-1.116042737073925127e+04
-5.476517308846960805e+04
-1.495235342195220437e+04
-1.130377285462574218e+04
-9.182610783002150129e+03
-1.203582836953123842e+04
-1.237581276369742409e+04
-1.320731176756120476e+04
-1.474378540768693529e+04
-9.912752617127993290e+03
-1.248497581318937591e+04
-6.589846904386248207e+04
-1.275276881328149284e+04
-1.447743561662452339e+04
-1.253108095083473017e+04
-1.049650610747488827e+04
-1.001529883987229732e+04
-1.152416851952187426e+04
-1.127414690555553898e+04
-1.170466975964410631e+04
-8.666690592247541645e+03
-1.180895420106535312e+04
-9.339028877779164759e+03
-1.273276688893931896e+04
-1.253559027783026431e+04
-1.065346591197250746e+04
-1.165652958254981604e+04
-1.028166159277840416e+04
-9.335647953541334573e+03
-1.159834487602458466e+04
-1.095130117705367775e+04
-1.009489657333242030e+04
-1.001406143068461279e+04
-9.112453758618452412e+03
-1.467626843281086076e+04
-1.008838358402361337e+04
-1.120553765933700561e+04
-8.768467346831032046e+03
-9.597750504006375195e+03
-9.662788376468690331e+03
-1.464449753115405838e+04
-1.135516457328181423e+04
-1.325567996734285043e+04
-9.434561959064883922e+03
-1.357942331345566708e+04
-1.134089432706645675e+04
-1.107305448391409664e+04
-1.248638219515117089e+04
-1.092558582093671976e+04
-1.263122972080677937e+04
-1.830837300389969823e+04
-1.173386073242336897e+04
-1.088407157373578775e+04
-9.876531203066009766e+03
-1.154073385414124641e+04
-8.901137176007781818e+03
-9.737553875786577919e+03
-8.087504182113276329e+03
-1.156942222292466431e+04
-1.264930850024175379e+04
-2.409600703844418240e+04
-8.059920196729453892e+03
-1.145785064464199422e+04
-1.224504147522921630e+04
-1.101997040051460681e+04
-8.968827837542256020e+03
-9.677098214710029424e+03
-1.091792755055488306e+04
-1.043147895465098372e+04
-1.011574627812891049e+04
-2.702171464330104209e+04
-8.753519327888572661e+03
-9.102545521541363996e+03
-8.996994512757681150e+03
-1.098776742442386785e+04
-9.753203798629145240e+03
-9.284244774187307485e+03
-1.144068505305897270e+04
-1.261343763391452921e+04
-1.042501627658869984e+04
-3.630795027924270107e+04
-1.260806571902981887e+04
-1.092141806919695409e+04
-1.222896890699594587e+04
-1.123112449964455482e+04
-8.852043306110106641e+03
-1.071330753791999996e+04
-1.139063881415440846e+04
-9.964775661870262411e+03
-8.356814735743850179e+03
-5.146842735353428725e+04
-1.250768281891325205e+04
-1.157541256895168772e+04
-1.080067337742615746e+04
-1.118962001585950748e+04
-1.083159277317198939e+04
-8.967784656376295970e+03
-9.164284615668841070e+03
-1.040318862272446677e+04
-1.299206615096620590e+04
-5.915101107362111361e+04
-1.164112598396838439e+04
-1.085148633045186034e+04
-1.110439525625647548e+04
-1.041605333770975267e+04
-1.249360031370051001e+04
-8.944120368795724062e+03
-1.024269250970595021e+04
-9.949296440292724583e+03
-9.868844780874349453e+03
-6.704765881988839828e+04
-9.936583689558465267e+03
-1.384399120139800470e+04
-1.149444794311193436e+04
-1.438170358263701019e+04
-1.199766142075676180e+04
-1.236729044887987038e+04
-9.577508479287791488e+03
-1.067225012244378740e+04
-1.032101019545358577e+04
-9.425408686660580861e+04
-8.470803096371606443e+03
-1.020081482306975340e+04
-1.000289158544957718e+04
-1.294238009181622328e+04
-1.056704004175579939e+04
-1.153096801931817026e+04
-1.141327235465070771e+04
-1.132817028243592722e+04
-1.016768830831016385e+04
-1.274002123724337071e+04
-9.987629150508322709e+03
-1.078003968795249784e+04
-1.186764397756123617e+04
-1.262837764943198636e+04
-1.099038761190286277e+04
-1.200673362962823194e+04
-1.081556160373091006e+04
-1.006954025936264225e+04
-1.393136469317956653e+04
-1.068095394136002324e+04
-9.090474259797163540e+03
-1.237315465989294171e+04
-1.353024899853284296e+04
-1.004649019971652342e+04
-9.400755339876837752e+03
-1.279780846910440050e+04
-1.206488316848192881e+04
-1.246886451082555504e+04
-1.457999232620239673e+04
-1.339049876660083464e+04
-1.103227413041000182e+04
-1.090223042052185156e+04
-1.248501329782912580e+04
-9.528830199257812637e+03
-1.103068383840714341e+04
-9.097015389131587654e+03
-8.546434258511959342e+03
-1.394445983108497239e+04
-2.510048576484777368e+04
-1.331682300910304184e+04
-1.053726894372466813e+04
-9.088617488224503177e+03
-1.214003618408280090e+04
-1.131150739288754448e+04
-1.226752178891496806e+04
-1.017548975018019337e+04
-9.966070559602030698e+03
-1.200385048543534504e+04
-2.673780575422881520e+04
-1.264029323728496638e+04
-1.254727344718713721e+04
-9.225275703230878207e+03
-1.235487390828764546e+04
-1.389247886990691222e+04
-1.275625401363551100e+04
-1.110685521133740258e+04
-1.255925348938659772e+04
-1.248445960965488121e+04
-3.821361252078833786e+04
-1.090954066967614926e+04
-1.438418101433403717e+04
-1.148890904893992592e+04
-1.381146989132885210e+04
-9.875072096372497981e+03
-1.260286443864129069e+04
-1.053100766537581694e+04
-1.217073545042860496e+04
-9.013105423928313030e+03
-4.347108856236228894e+04
-1.275481954919134114e+04
-9.382278617492822377e+03
-9.714268859086432713e+03
-1.275155395762681110e+04
-1.188396602555500613e+04
-1.024869999104065027e+04
-1.124685740888828514e+04
-9.841879184272898783e+03
-1.316665664997907334e+04
-5.823220813938814536e+04
-1.048551601233787551e+04
-9.775953120398431565e+03
-1.247327791634663845e+04
-1.075991137756313219e+04
-1.085666700341869546e+04
-9.939369368839341405e+03
-1.065272693671711022e+04
-9.602915973304901854e+03
-9.351401608548281729e+03
-6.929937898003756709e+04
-1.069260480958156404e+04
-9.193282649172680976e+03
-1.053726263884412583e+04
-9.983895830066468989e+03
-1.052604898307898839e+04
-1.344600346989216632e+04
-1.166732775265709279e+04
-1.314794310481650245e+04
-1.182782484610222127e+04
-7.792219349263657932e+04
-1.369990682624014698e+04
-1.229837668115572160e+04
-9.914011023821825802e+03
-1.336530749957729313e+04
-1.173023821754709934e+04
-1.341015281342528033e+04
-1.163904317933142738e+04
-9.431206432655622848e+03
-1.059654611275177194e+04
-1.233535866035515210e+04
-1.133857237337807601e+04
-9.474664952653867658e+03
-1.011940357653440697e+04
-9.818589177852696594e+03
-8.971482497190465438e+03
-1.279393779389419797e+04
-1.018094733384571373e+04
-1.037071268237116601e+04
-1.194531924115885340e+04
-9.663429622779303827e+03
-1.013822667512255430e+04
-1.009416898615113860e+04
-9.203059566211933998e+03
-1.388188997890999963e+04
-9.495044241393468837e+03
-1.156140974212651054e+04
-1.300825274369602084e+04
-1.045683020001275690e+04
-1.691430071127309202e+04
-1.142183156518677060e+04
-1.077445940584246637e+04
-1.222926976724191809e+04
-9.973242308726586998e+03
-9.066500168097350979e+03
-9.989921414773822107e+03
-1.147103351359080625e+04
-1.246972821863936952e+04
-1.298138050222942547e+04
-2.266400870569704784e+04
-9.649708264367343872e+03
-9.244834086369743090e+03
-9.593547070612188691e+03
-1.032618398359407729e+04
-1.034125900466218991e+04
-1.325346677066073789e+04
-1.035350325141171197e+04
-9.559251592524073203e+03
-8.047872087166663732e+03
-2.936607587038802012e+04
-1.143683322983302241e+04
-1.217009072060667859e+04
-8.413800958500429260e+03
-1.120180016556390910e+04
-1.172798664805871704e+04
-1.124295562590972804e+04
-9.461101111043539277e+03
-1.200671160327931284e+04
-9.050911202954095643e+03
-3.537913020872064226e+04
-1.211442079689413913e+04
-1.101764991251779611e+04
-1.142858208882152940e+04
-1.045717870769710680e+04
-1.216833689734568543e+04
-1.007213162515337899e+04
-8.439009751892970598e+03
-9.356368586604095981e+03
-8.391865065872707419e+03
-4.596645893695926497e+04
-9.710447410950486301e+03
-9.768971371011095471e+03
-1.188850288881928464e+04
-1.089800502369106107e+04
-8.981444036698087075e+03
-9.047109205213051609e+03
-1.108853326463865051e+04
-1.306293586789736764e+04
-1.084321052470307404e+04
-5.615872031889218488e+04
-8.485528018479339153e+03
-9.764863669300963011e+03
-1.302195967359141650e+04
-1.301382364237467846e+04
-1.012953401225522612e+04
-1.163688716959566591e+04
-9.166121771971475027e+03
-9.950939917097917714e+03
-1.371414459272834574e+04
-6.776827081045960949e+04
-1.120199622262213234e+04
-9.772825059425926156e+03
-1.079313643172377670e+04
-1.043757829227580987e+04
-8.950200437846939167e+03
-1.232057509318732627e+04
-1.072153996067408843e+04
-1.438941377909731455e+04
-1.247061065498988137e+04
-7.883996575286073494e+04
-9.746915987578298882e+03
-1.041253443798987610e+04
-8.211441851008759841e+03
-1.080772682775758949e+04
-9.002472170237593673e+03
-1.247956803085147476e+04
-1.118115163735968963e+04
-1.301801247429574505e+04
-1.114156826279872439e+04
-1.132846601425206973e+04
-1.097162176674185866e+04
-8.625065570272990954e+03
-9.739032799836923004e+03
-1.195814990980916264e+04
-9.934320977239400236e+03
-1.102412052589227278e+04
-9.839059957393679724e+03
-1.183207721543347543e+04
-1.288019621496125910e+04
-1.039490873656236545e+04
-1.053562430722270074e+04
-1.183061654078417450e+04
-1.050393553696059098e+04
-9.760427975852213422e+03
-1.130852540947118359e+04
-1.008016282937911637e+04
-1.132169647903468831e+04
-1.112714816865125431e+04
-1.636986501206140383e+04
-1.263365574430173547e+04
-1.027944608034230077e+04
-1.043843396094469972e+04
-1.011357256735721239e+04
-1.123180142982472353e+04
-1.273793684764497448e+04
-1.237194840023095458e+04
-1.106031148440111610e+04
-1.135274951789462102e+04
-1.865727180350951676e+04
-1.369528263189169229e+04
-1.420858525137894867e+04
-1.022517392538767308e+04
-1.006422956889364832e+04
-1.279556644672308539e+04
-1.135858931752866374e+04
-1.025507642817410124e+04
-9.906161294512727181e+03
-1.048979443563093446e+04
-2.753661285080145899e+04
-8.808034943900143844e+03
-1.039830884622163830e+04
-9.410423419845077660e+03
-1.088591765605901855e+04
-1.281154355769615177e+04
-1.340268352508416319e+04
-9.517096320721464508e+03
-1.049857555040094485e+04
-1.118314488774629717e+04
-3.217947156793344038e+04
-9.636435311087017908e+03
-8.534633619207586889e+03
-9.667938200599128322e+03
-1.186685103941238413e+04
-1.334699978470156930e+04
-1.400748842836878794e+04
-1.134251660336653185e+04
-1.235974155380163938e+04
-1.324178609373209838e+04
-4.513137707274450804e+04
-1.215509827623529418e+04
-1.016264687973549735e+04
-1.248727345873147351e+04
-1.177446443173583793e+04
-1.338181359612356209e+04
-1.192199899177798216e+04
-9.766147118793454865e+03
-1.092604096312871479e+04
-1.099691232916643457e+04
-5.218956953730050009e+04
-1.144080426561293461e+04
-1.051485138200968322e+04
-1.149990066114253568e+04
-1.263082144047912334e+04
-1.147456729008058028e+04
-9.907301108884976202e+03
-1.149892392807895158e+04
-1.471079419390233124e+04
-1.208865082941565015e+04
-7.218727938384997833e+04
-1.129455026448353055e+04
-9.076327611386006538e+03
-1.241179904340810390e+04
-1.315663776698793481e+04
-1.066549976877256813e+04
-1.207931424161015275e+04
-1.302558865875653828e+04
-1.238757285399795910e+04
-8.523255436752546302e+03
-8.069555672479381610e+04
-1.050410127645905413e+04
-9.956049853285547215e+03
-1.037515890179831877e+04
-9.481710592030905900e+03
-1.340993897360745723e+04
-1.425402503372795945e+04
-1.030938395405441770e+04
-1.235342942308916099e+04
-9.784629936288078170e+03
-1.094778392266572882e+04
-1.241103214724301324e+04
-1.215502880012303285e+04
-1.368287546719306738e+04
-1.298746188437601995e+04
-9.115737362697880599e+03
-1.374833961812952839e+04
-1.252042665329321426e+04
-1.153237326469885375e+04
-1.478711570050867340e+04
-1.055823884820266176e+04
-1.068291320082826314e+04
-1.327235463039519527e+04
-1.048468134670660584e+04
-1.034050584971878743e+04
-1.020586718967712659e+04
-1.073575460519083936e+04
-8.360935851648317112e+03
-1.397881558530097027e+04
-1.511735300573995301e+04
-1.189907250861585817e+04
-1.031241522911726497e+04
-9.618930805031039199e+03
-1.172805598378795730e+04
-1.200361223373213579e+04
-1.074642514426291746e+04
-1.001754636466123702e+04
-1.104986787333578650e+04
-1.251377907186376433e+04
-2.116363101735436794e+04
-1.393373370199945202e+04
-1.142565838983095455e+04
-8.893969525417065597e+03
-9.008229754744193997e+03
-1.007915354500622379e+04
-1.065234904328659104e+04
-1.258537011225708011e+04
-9.382385454872683113e+03
-8.612304121810027937e+03
-2.735108205054949212e+04
-1.323887404323620285e+04
-8.602817664793379663e+03
-1.091657285107266398e+04
-1.316726688005789219e+04
-8.674969798512625857e+03
-9.313741950321722470e+03
-1.201725148003974027e+04
-8.241571630146638199e+03
-1.073335617591698428e+04
-3.156286197299031483e+04
-1.243762092311392917e+04
-9.317844625129264386e+03
-1.160381155211713303e+04
-1.321111332749130634e+04
-1.245006162316143127e+04
-9.812644746772919461e+03
-1.109780044209019979e+04
-1.171278493055535910e+04
-1.102543172710107865e+04
-4.629880885217614559e+04
-1.056615702325812163e+04
-1.118457596816388832e+04
-1.158296043319697492e+04
-9.666561608157489900e+03
-1.051671539605228645e+04
-9.596354226028906851e+03
-1.241049522707645156e+04
-1.241380360089597161e+04
-9.735702122659742599e+03
-4.969303269579393236e+04
-1.086419765773986364e+04
-1.356066145786838024e+04
-1.073597894931571318e+04
-9.328060294220484138e+03
-1.182897809954665718e+04
-9.089008637093409561e+03
-9.247817504869135519e+03
-1.013771542607707488e+04
-1.115755151699670932e+04
-6.965128781469934620e+04
-9.696875038373842472e+03
-1.166456404912801554e+04
-1.112066655041983722e+04
-1.330621538023247558e+04
-1.228842953227192083e+04
-1.090122387819922551e+04
-1.357642217173937024e+04
-1.161883472977868041e+04
-1.105518761018296755e+04
