0.000000000000000000e+00
1.573414765039925101e+01
-3.901962296633254823e+01
6.829650388428041730e+00
1.720876536824582459e+01
-5.396921360462198436e+01
-1.592235312048490243e+02
-4.358363656283733434e+01
-1.930344764671984947e+01
-3.514314293095016239e+01
-7.385910506862636282e+01
-1.222627597227522926e+02
-5.525430475833382360e+01
1.583658755217772551e+01
-9.239259655564204365e+01
-2.383459658450836738e+00
-5.119784691513213915e+01
-3.495210784171379004e+01
-7.955753636883034119e+01
-5.105153253379785383e+01
-2.662460794861636870e+01
-4.229761486271907955e+01
-6.676163300574617665e+01
-8.673454532814068898e+02
-6.087935754389560543e+02
-4.803503687450748316e+02
-7.094245802393274971e+02
-6.467649206196037994e+02
-3.679393562179305945e+02
-6.222736851410473946e+02
-6.851519672502116691e+02
-2.977586836806261203e+02
-6.218613998805487881e+02
-6.868425792005407402e+02
-9.412052250044154107e+02
-4.504877897581595221e+02
-8.967801645633637690e+02
-6.685655658223512319e+02
-4.893309844229774512e+02
-6.056147988343063844e+02
-7.392470740614087390e+02
-6.561825239955821871e+02
-9.522093530973630777e+02
-7.374187651987878098e+02
-8.359914356172913585e+02
-4.911399690104365163e+02
-6.331345733754724279e+02
-5.910971605682353811e+02
-4.722063566915854835e+02
-4.336043354058848536e+02
-4.420327643148306720e+02
-8.812493648003184035e+02
-6.032327980695264387e+02
-4.672478627502705990e+02
-7.816992401468013441e+02
-3.509528125681737833e+02
-4.134394065695980771e+02
-5.176837070011608830e+02
-6.205604681655294144e+02
-5.591097210314098902e+02
-8.272142094470412985e+02
-6.931948799839017283e+02
-7.407397319644088611e+02
-6.339597765974946242e+02
-5.577982041910908038e+02
-6.939380096574631125e+02
-4.142846173802278713e+02
-6.027254923566374600e+02
-5.832580294488550408e+02
-3.435106966405076605e+02
-8.567540880810108774e+02
-5.992526573960127507e+02
-4.596202283209477173e+02
-7.853676148583298300e+02
-6.969614939940893237e+02
-7.853269555106672897e+02
-4.559354203894395141e+02
-7.769682765754987486e+02
-6.683935341901736820e+02
-7.076305125543542545e+02
-6.282414455518317027e+02
-6.207667682580590736e+02
-1.166074405626166481e+03
-4.316846217339331133e+02
-6.384297370006112260e+02
-7.317714932135695562e+02
-7.865042934561627135e+02
-4.261306068046181963e+02
-5.197818600798982516e+02
-7.619615362079033503e+02
-5.220638209204328177e+02
-6.673859725965680809e+02
-5.365859017630032213e+02
-5.785490799284033301e+02
-5.084947350437334421e+02
-5.549202959573252656e+02
-6.201525696633777898e+02
-4.899292242182405062e+02
-3.021708020364318941e+02
-5.378824676077643971e+02
-3.853367609943837238e+02
-5.753012269155456124e+02
-5.290974308517448890e+02
-8.029777945406494837e+02
-6.078113472316315438e+02
-6.599354673066217174e+02
-6.599619769406385785e+02
-6.685111934102537816e+02
-4.036897352115231001e+02
-4.547838102850944324e+02
-7.521099041574168496e+02
-5.367110696883422634e+02
-9.395565050740882498e+02
-3.212288124546489598e+02
-1.039210587004102308e+03
-8.985387958312738874e+02
-8.187397344151459038e+02
-5.041502012553719396e+02
-8.851263795722244367e+02
-8.487764449334067649e+02
-7.373076627360759403e+02
-6.564375881403384483e+02
-5.986752022522638299e+02
-3.945270645792637652e+02
-5.989260402530280771e+02
-4.837691478003388283e+02
-7.839045786692339561e+02
-1.183630361974395100e+03
-7.506885456382821076e+02
-6.251560017575244501e+02
-7.896799077635303092e+02
-3.472207275223422585e+02
-6.718118382766837158e+02
-5.533014082021833246e+02
-8.178783722799007592e+02
-4.420110731681963898e+02
-3.562553434961536141e+02
-6.048824998409407954e+02
-6.579110047423025662e+02
-9.017237096789656334e+02
-8.773159226502953061e+02
-6.628775280038444180e+02
-1.093340618913639901e+03
-3.706875800678806172e+02
-6.887585122001657965e+02
-4.809478727166763292e+02
-6.827748188269079037e+02
-6.458803695456774676e+02
-3.358646832249621639e+02
-1.033753251411360225e+03
-6.927303198926008463e+02
-8.224408253601454817e+02
-5.583711924535052731e+02
-5.463982721441170725e+02
-8.778132704885827025e+02
-4.792203724034569632e+02
-5.480293290743518355e+02
-3.227998537400468422e+02
-1.061190727082362173e+03
-1.161804250467039537e+03
-8.176711640973251178e+02
-5.041714766912975847e+02
-8.099647944113421545e+02
-8.512340417328713329e+02
-5.995118407917697141e+02
-6.132093373669805487e+02
-3.603177555903664029e+02
-7.402749872801109632e+02
-6.372479865976462179e+02
-8.148885935726746084e+02
-1.012494060110627629e+03
-9.538625895314621630e+02
-1.253700857041441850e+03
-5.262246422697421622e+02
-8.015254267185661092e+02
-9.525109608698602415e+02
-8.912140438981829220e+02
-6.402135897583862061e+02
-8.058356159321093628e+02
-5.436986402366782158e+02
-1.227962491348677759e+03
-4.320283657094983596e+02
-8.101421918175509518e+02
-5.307539025258701031e+02
-5.922268990876933685e+02
-4.377019206852354500e+02
-4.282643731403108518e+02
-4.009281487401692061e+02
-7.376707519382864575e+02
-4.840210756297691432e+02
-5.121329728277920594e+02
-1.133893175636859723e+03
-5.225530634078272669e+02
-8.407905828577345346e+02
-4.208010239265234986e+02
-7.561774366300523980e+02
-3.828264562593103619e+02
-8.586614677203408519e+02
-5.829040017309536097e+02
-8.092197580276659892e+02
-1.285678650768062653e+03
-7.255354502570762634e+02
-7.862001236996529769e+02
-1.042672318874632765e+03
-7.952531275544017717e+02
-5.808529769445347029e+02
-6.385506589746623831e+02
-6.827763434054591016e+02
-6.807804758404219001e+02
-7.777478370758107076e+02
-6.621575619176732062e+02
-7.121279663185873687e+02
